11
0 1 10 8 9 2 7 9 4 6 1
1 0 7 6 1 7 1 8 5 1 7
10 7 0 6 1 5 8 1 8 9 2
8 6 6 0 9 7 1 5 3 8 8
9 1 1 9 0 2 9 6 6 10 1
2 7 5 7 2 0 5 3 2 7 6
7 1 8 1 9 5 0 2 1 10 4
9 8 1 5 6 3 2 0 3 4 6
4 5 8 3 6 2 1 3 0 7 9
6 1 9 8 10 7 10 4 7 0 6
1 7 2 8 1 6 4 6 9 6 0
0 2 8 5 4 2 1 7 3 9 9
2 0 6 10 3 8 1 5 3 3 4
8 6 0 8 10 7 1 2 3 8 7
5 10 8 0 3 10 8 5 1 3 10
4 3 10 3 0 2 3 8 3 3 8
2 8 7 10 2 0 2 1 8 8 10
1 1 1 8 3 2 0 6 5 9 3
7 5 2 5 8 1 6 0 5 2 10
3 3 3 1 3 8 5 5 0 2 5
9 3 8 3 3 8 9 2 2 0 4
9 4 7 10 8 10 3 10 5 4 0
